20 5 3 10 0.83 1 1 300
2 0.37 0.83 0.2387 28.64 3.58
0 0.00 0.00
1 0.80 1.29 4
2 0.95 1.83 3
3 0.78 1.69 8
4 0.49 2.08 8
5 4.04 -0.94 5
6 3.70 -1.20 3
7 4.50 -0.68 2
8 3.48 -1.60 5
9 4.54 0.25 4
10 4.55 0.47 7
11 4.18 -0.19 8
12 4.55 -0.47 3
13 2.79 2.07 1
14 2.77 2.14 7
15 3.14 1.73 1
16 3.51 1.60 6
17 -4.12 -3.29 3
18 -4.21 -3.67 3
19 -5.16 -2.93 4
20 -4.60 -3.17 4
21 0.88 1.92
22 3.98 -1.21
23 3.92 0.19
24 3.16 1.58
25 -4.64 -3.06
26 0.00 0.50
27 0.00 0.00
28 0.00 0.00
