30 6 3 10 0.83 1 1 300
2 0.37 0.83 0.2387 28.64 3.58
0 0.00 0.00
1 1.36 4.29 6
2 1.51 4.83 6
3 1.34 4.69 6
4 1.05 5.08 6
5 1.17 4.61 5
6 -1.12 -2.37 5
7 -1.47 -2.63 8
8 -0.67 -2.12 3
9 -1.69 -3.04 6
10 -1.79 -2.73 4
11 2.25 0.92 2
12 2.26 1.14 7
13 1.89 0.48 4
14 2.27 0.20 2
15 1.30 0.77 8
16 -3.73 -0.44 8
17 -3.75 -0.37 2
18 -3.38 -0.78 2
19 -3.01 -0.91 6
20 -3.63 -1.35 6
21 5.15 -3.86 4
22 5.05 -4.25 3
23 4.10 -3.51 3
24 4.67 -3.75 5
25 4.41 -3.47 5
26 -2.10 0.81 7
27 -1.62 0.74 5
28 -0.90 0.49 1
29 -1.53 -0.13 7
30 -1.84 0.44 7
31 1.44 4.92
32 -1.19 -2.65
33 1.63 0.86
34 -3.36 -0.93
35 4.63 -3.64
36 -1.53 0.44
37 0.00 0.50
38 0.00 0.00
39 0.00 0.00
